142
43
46
44
39
33
30
29
31
27
36
40
30
33
78
26
27
23
58
21
21
19
60
63
25
26
25
24
23
28
25
62
27
28
21
23
25
20
57
18
20
22
32
21
25
20
22
21
25
21
21
23
18
23
21
21
19
18
20
19
19
26
65
68
22
20
21
19
21
33
21
26
22
22
18
22
19
21
25
29
20
24
22
24
20
26
25
22
22
21
24
23
18
23
23
28
23
20
23
24
26
21
29
23
22
23
19
20
32
22
18
21
35
24
19
23
19
21
21
21
21
18
19
26
23
20
21
24
22
20
22
21
21
21
21
22
24
18
22
22
19
64
25
24
23
23
20
19
21
21
19
21
25
20
19
22
21
18
19
21
20
64
22
25
23
23
19
23
20
19
54
58
22
32
18
18
20
20
21
19
23
19
35
21
56
19
31
20
21
29
22
20
22
20
21
21
22
68
28
32
25
62
25
23
20
22
24
23
20
67
64
17
21
19
21
27
18
20
21
31
69
20
18
22
19
21
21
23
24
27
66
25
21
23
21
22
20
17
18
22
59
54
17
17
19
21
24
17
60
22
25
25
21
30
20
22
21
57
21
27
23
19
20
19
34
29
19
21
68
21
23
18
19
21
25
21
65
24
66
20
19
20
23
18
21
21
21
25
23
31
18
25
18
22
22
26
67
29
20
22
19
18
23
20
17
25
23
23
20
20
23
21
28
21
19
20
21
22
19
30
21
18
19
18
17
21
21
61
23
28
21
22
20
19
21
22
66
62
17
20
21
21
19
23
26
25
26
22
25
22
22
21
23
18
67
71
24
25
62
26
29
28
21
22
32
22
20
18
22
16
18
17
64
60
24
23
21
21
24
21
19
64
58
60
21
19
21
21
23
21
19
20
20
26
25
21
19
21
22
20
24
19
24
22
27
20
21
19
21
22
25
17
21
23
24
21
21
29
25
28
20
23
18
17
22
25
23
24
18
21
22
18
22
18
23
22
20
18
29
24
21
23
31
69
61
19
18
21
21
21
23
20
23
19
21
20
21
20
21
23
21
21
28
68
24
27
21
24
22
29
20
19
23
66
22
56
21
23
21
22
21
21
21
64
61
22
17
24
19
17
17
23
23
58
17
62
17
21
21
19
21
21
22
27
20
20
27
21
21
22
20
66
28
19
21
30
21
22
18
24
24
21
19
21
22
26
19
29
19
65
20
27
21
22
17
18
21
68
16
23
23
21
18
22
67
23
19
25
24
29
63
22
24
18
20
23
21
22
21
22
69
62
57
19
22
21
18
31
20
22
17
64
21
17
20
18
61
24
62
21
21
21
19
29
22
19
24
59
21
21
19
63
18
18
22
20
22
20
24
23
20
22
21
20
27
30
21
22
28
22
25
69
23
21
21
18
18
20
26
22
18
20
18
22
17
21
25
70
28
19
21
25
28
21
21
25
17
21
69
61
18
19
24
23
18
24
54
24
29
22
21
22
18
25
18
28
58
60
17
22
17
22
22
22
27
25
21
19
23
18
19
19
18
18
20
61
21
22
62
18
18
17
29
25
68
21
21
19
21
21
20
20
28
20
66
27
22
23
19
20
21
22
18
23
20
24
19
62
17
20
17
26
17
20
18
22
17
17
20
18
17
59
59
72
24
56
21
22
21
17
22
22
17
22
17
57
60
59
17
19
21
56
21
24
19
17
17
23
19
19
18
20
29
21
21
21
23
21
20
29
25
18
21
25
23
19
63
20
17
16
54
20
69
17
17
21
18
17
20
18
24
63
63
21
20
19
18
31
20
21
23
20
58
20
60
22
17
24
21
21
18
20
18
22
21
21
19
25
22
18
22
23
23
24
20
18
18
17
22
24
18
25
63
21
22
23
66
22
59
21
29
24
21
21
17
29
20
21
19
18
24
18
28
62
17
17
21
22
21
63
22
18
65
17
21
19
19
21
17
68
22
18
20
27
23
17
62
19
17
19
28
18
22
18
18
23
62
22
21
28
20
21
22
19
21
62
17
23
18
23
20
62
19
20
19
23
26
21
22
21
20
63
17
23
20
20
17
26
62
17
22
22
23
27
21
66
23
26
18
29
20
23
18
22
20
18
18
64
62
17
20
22
21
22
21
25
21
22
66
25
20
17
16
62
18
22
22
60
20
29
22
18
22
19
19
24
21
20
23
25
20
18
22
20
20
19
23
24
20
17
19
23
25
20
20
23
23
21
21
57
21
16
21
18
18
61
64
63
26
21
17
23
22
20
17
20
21
72
17
22
