0,0 1,3
0,0 1,3
0,0 1,3
0,0 1,3
0,0 1,3
0,0 1,3
0,0 1,3
0,0 1,3
0,0 1,3
0,0 1,3
0,0 1,3
0,0 1,3
0,0 1,3
0,0 1,3
0,0 1,3
0,0 1,3
136,3 1,0
0,0 1,3
0,0 1,4
0,0 0,4
108,1 1,1
6,0 1,4
92,4 0,8
0,0 1,4
0,0 1,4
0,0 1,2
127,9 1,1
0,0 1,4
25,3 0,7
0,0 1,4
82,1 1,2
5,9 1,4
57,6 0,8
0,0 1,4
91,4 1,1
12,2 1,4
44,2 0,8
0,0 1,4
0,0 1,4
0,0 1,1
0,0 1,4
0,0 1,1
115,0 1,1
6,4 1,4
153,2 1,1
5,7 1,4
104,6 1,1
5,0 1,4
145,3 1,0
0,0 1,5
93,9 0,8
0,0 1,5
0,0 1,5
0,0 1,5
0,0 1,1
73,1 1,2
0,0 1,5
133,2 1,1
0,0 1,5
120,3 0,9
0,0 1,5
38,0 0,8
0,0 1,7
0,0 1,7
0,0 1,1
0,0 1,7
0,0 1,1
89,5 1,1
6,4 1,7
132,6 1,2
6,3 1,7
128,7 1,0
0,0 1,7
124,1 0,9
0,0 1,8
83,1 0,8
0,0 1,8
0,0 1,8
0,0 1,1
0,0 1,8
0,0 1,1
38,2 1,2
6,4 1,8
133,5 1,1
6,4 1,7
157,4 1,0
0,0 1,7
114,7 0,9
0,0 1,7
12,8 0,6
0,0 1,7
132,8 1,1
6,3 1,7
162,6 1,0
0,0 1,7
134,3 1,0
0,0 1,7
70,7 0,8
0,0 1,7
0,0 1,7
0,0 1,1
0,0 1,7
0,0 1,1
55,6 1,2
6,2 1,7
147,3 1,1
6,4 1,7
145,4 0,9
0,0 1,7
119,6 0,9
0,0 1,7
25,1 0,7
0,0 1,7
0,0 1,7
0,0 1,1
0,0 1,7
0,0 1,1
46,6 1,1
0,0 1,7
136,3 1,2
0,0 1,7
143,9 1,0
0,0 1,7
88,6 0,9
0,0 1,7
6,4 0,0
0,0 1,7
0,0 1,7
0,0 1,1
31,5 1,1
6,3 1,7
89,5 1,1
6,4 1,7
146,2 1,1
0,0 1,7
122,0 0,9
0,0 1,7
25,3 0,7
6,3 1,7
0,0 1,7
0,0 1,1
0,0 1,7
0,0 1,1
75,5 1,8
44,1 1,2
121,5 1,2
11,6 1,8
152,0 1,0
0,0 1,8
88,1 0,8
0,0 1,8
0,0 1,8
0,0 1,1
0,0 1,8
0,0 1,2
23,0 1,1
0,0 1,8
133,8 1,1
25,5 1,8
140,1 1,0
0,0 1,8
63,0 0,8
0,0 1,8
0,0 1,8
0,0 1,1
0,0 1,8
0,0 1,2
5,4 1,1
0,0 1,8
93,9 1,1
12,5 1,8
136,4 1,1
0,0 1,8
153,3 1,0
0,0 1,8
94,3 0,8
0,0 1,8
25,3 0,7
0,0 1,8
0,0 1,8
0,0 1,1
0,0 1,8
0,0 1,2
37,4 1,1
6,2 2,0
92,1 1,1
6,1 2,0
131,2 1,1
0,0 2,0
144,1 1,0
0,0 2,0
130,2 0,9
0,0 2,0
31,6 0,7
6,3 2,0
0,0 2,0
0,0 1,1
6,3 2,0
0,0 1,2
50,8 1,1
0,0 2,0
97,8 1,1
0,0 2,1
145,4 1,1
6,3 2,1
147,2 1,0
0,0 2,1
63,2 0,7
0,0 2,1
0,0 2,1
0,0 2,1
0,0 1,1
50,9 1,1
0,0 2,1
121,5 1,2
0,0 2,1
133,3 1,0
0,0 2,1
129,2 0,9
0,0 2,1
57,1 0,8
0,0 2,1
0,0 2,1
0,0 0,5
0,0 2,1
0,0 1,1
15,8 2,1
0,0 1,1
88,9 1,2
6,3 2,1
139,6 1,1
6,3 2,1
145,1 1,0
0,0 2,1
76,4 0,9
0,0 2,1
12,7 0,7
0,0 2,1
0,0 2,1
0,0 1,2
0,0 2,1
0,0 1,1
63,7 1,2
6,4 2,1
157,3 1,1
0,0 2,1
146,7 1,0
0,0 2,1
76,0 0,8
0,0 2,1
0,0 2,1
0,0 1,1
0,0 2,1
0,0 1,1
68,2 1,1
0,0 2,1
146,1 1,1
0,0 2,1
133,6 0,9
0,0 2,1
19,1 0,8
0,0 2,1
0,0 2,1
0,0 1,1
0,0 2,1
0,0 1,1
75,8 1,1
0,0 2,1
135,6 1,1
0,0 2,1
129,2 0,9
0,0 2,1
57,0 0,8
0,0 2,1
0,0 2,1
0,0 1,1
0,0 2,1
0,0 1,1
76,5 1,1
0,0 2,1
149,9 1,1
0,0 2,1
101,2 0,8
0,0 2,1
31,7 0,7
0,0 2,1
0,0 2,1
0,0 1,1
0,0 2,1
0,0 1,2
78,5 1,2
0,0 2,1
127,2 1,1
0,0 2,1
133,7 1,0
0,0 2,1
75,9 0,8
0,0 2,1
25,5 0,7
0,0 2,1
0,0 2,1
0,0 1,1
0,0 2,1
0,0 1,1
73,4 1,1
0,0 2,1
138,1 1,2
6,3 2,1
149,6 1,1
0,0 2,1
107,7 0,9
0,0 2,1
44,3 0,8
0,0 2,1
0,0 2,1
0,0 1,2
0,0 2,1
0,0 1,1
67,2 1,1
6,1 2,1
146,8 1,1
0,0 2,1
140,5 1,0
0,0 2,1
113,1 0,8
0,0 2,1
25,2 0,7
0,0 2,1
0,0 2,1
0,0 1,1
0,0 2,1
0,0 1,1
44,4 1,1
0,0 2,1
151,9 1,1
0,0 2,1
132,7 1,0
0,0 2,1
76,6 0,8
0,0 2,1
0,0 2,1
0,0 1,1
149,7 1,0
0,0 2,1
76,5 0,8
0,0 2,1
0,0 2,1
0,0 1,1
6,1 1,1
0,0 2,1
104,3 1,1
0,0 2,1
139,6 1,1
0,0 2,1
121,6 0,9
0,0 2,1
24,9 0,7
0,0 2,1
0,0 2,1
0,0 1,1
0,0 2,1
0,0 1,1
73,0 1,2
6,1 2,1
0,0 2,1
0,0 1,1
0,0 2,1
0,0 1,1
74,8 1,1
0,0 2,1
130,9 1,2
0,0 2,1
126,2 0,9
0,0 2,1
88,3 0,7
0,0 2,1
0,0 2,1
0,0 2,1
0,0 1,1
44,8 1,1
19,2 2,1
142,3 1,1
0,0 2,1
132,4 0,9
0,0 2,1
50,6 0,8
0,0 2,1
0,0 2,1
0,0 1,1
0,0 2,1
0,0 1,1
40,7 1,1
0,0 2,1
145,1 1,2
6,3 2,1
158,3 1,1
0,0 2,1
108,3 0,9
0,0 2,1
31,6 0,7
0,0 2,1
0,0 2,1
0,0 1,1
0,0 2,1
0,0 1,1
102,4 1,1
0,0 2,1
139,9 1,1
0,0 2,1
131,6 0,9
0,0 2,1
19,1 0,7
0,0 2,1
0,0 2,1
0,0 1,1
63,9 1,1
0,0 2,1
152,1 1,1
0,0 2,1
162,6 1,0
0,0 2,1
63,6 0,8
0,0 2,1
0,0 2,1
0,0 1,1
0,0 2,1
0,0 1,1
61,8 1,1
6,2 2,1
133,3 1,1
0,0 2,1
153,5 1,0
0,0 2,1
107,3 0,8
0,0 2,1
31,8 0,7
0,0 2,1
0,0 2,1
0,0 1,1
38,4 1,2
0,0 2,1
127,2 1,1
0,0 2,1
150,3 1,0
0,0 2,1
69,6 0,8
0,0 2,1
0,0 2,1
0,0 2,1
0,0 1,1
0,0 2,1
0,0 1,1
85,2 1,2
5,7 2,1
133,8 1,1
0,0 2,1
179,0 1,1
0,0 2,1
122,1 0,9
6,4 2,1
38,0 0,8
0,0 2,1
0,0 2,1
0,0 1,2
0,0 2,1
0,0 1,1
70,6 1,1
0,0 2,1
112,1 1,1
0,0 2,1
118,1 1,1
0,0 2,1
113,5 0,9
0,0 2,1
44,0 0,8
0,0 2,1
0,0 2,1
0,0 1,1
0,0 2,1
0,0 1,1
