0,0 1,1
0,0 1,1
0,0 1,1
0,0 1,1
0,0 1,1
0,0 1,1
0,0 1,1
0,0 1,1
0,0 1,1
0,0 1,1
0,0 1,1
0,0 1,1
0,0 1,1
0,0 1,1
0,0 1,1
0,0 1,1
6,3 1,2
0,0 1,2
5,5 1,2
0,0 1,2
0,0 1,2
0,0 1,2
0,0 1,2
6,0 1,2
0,0 1,2
5,9 1,2
0,0 1,2
0,0 1,2
0,0 1,2
12,5 1,2
5,9 1,2
0,0 1,2
0,0 1,2
0,0 1,2
0,0 1,2
0,0 1,2
6,3 1,2
6,1 1,2
0,0 1,2
0,0 1,2
0,0 1,2
0,0 1,4
5,9 1,4
6,4 1,4
0,0 1,4
0,0 1,4
6,2 1,4
6,3 1,4
0,0 1,4
0,0 1,5
0,0 1,6
0,0 1,6
0,0 1,6
0,0 1,6
6,4 1,6
0,0 1,6
0,0 1,6
0,0 1,6
0,0 1,6
0,0 1,6
0,0 1,6
6,3 1,6
0,0 1,6
0,0 1,6
0,0 1,6
0,0 1,6
0,0 1,6
0,0 1,6
0,0 1,6
0,0 1,6
0,0 1,6
0,0 1,6
0,0 1,6
0,0 1,6
6,0 1,6
0,0 1,6
0,0 1,6
0,0 1,6
0,0 1,6
0,0 1,6
0,0 1,6
0,0 1,6
0,0 1,6
0,0 1,6
0,0 1,6
0,0 1,6
0,0 1,6
0,0 1,6
0,0 1,6
0,0 1,6
0,0 1,6
0,0 1,6
0,0 1,6
0,0 1,6
6,4 1,6
0,0 1,6
0,0 1,6
0,0 1,6
0,0 1,6
0,0 1,6
0,0 1,6
0,0 1,6
0,0 1,6
0,0 1,6
0,0 1,6
0,0 1,6
0,0 1,6
0,0 1,6
0,0 1,6
6,4 1,6
0,0 1,6
0,0 1,6
0,0 1,6
0,0 1,6
0,0 1,6
0,0 1,6
25,6 1,6
0,0 1,6
0,0 1,6
0,0 1,6
0,0 1,6
0,0 1,6
0,0 1,6
6,3 1,6
0,0 1,6
0,0 1,6
0,0 1,6
0,0 1,6
0,0 1,6
0,0 1,6
6,2 1,6
0,0 1,6
0,0 1,6
0,0 1,6
0,0 1,6
6,3 1,6
0,0 1,6
0,0 1,6
6,3 1,6
0,0 1,6
0,0 1,6
6,3 1,6
0,0 1,6
0,0 1,6
0,0 1,6
0,0 1,6
0,0 1,6
0,0 1,6
0,0 1,6
0,0 1,6
0,0 1,6
0,0 1,6
0,0 1,6
0,0 1,6
6,3 1,6
0,0 1,6
0,0 1,6
0,0 1,6
0,0 1,6
0,0 1,6
0,0 1,6
0,0 1,6
0,0 1,6
0,0 1,6
0,0 1,6
0,0 1,6
0,0 1,6
0,0 1,6
6,4 1,6
0,0 1,6
6,3 1,6
0,0 1,6
0,0 1,6
0,0 1,6
6,4 1,6
0,0 1,6
0,0 1,6
0,0 1,6
0,0 1,6
0,0 1,6
0,0 1,6
0,0 1,6
0,0 1,6
6,4 1,6
0,0 1,6
0,0 1,6
0,0 1,6
0,0 1,6
0,0 1,6
0,0 1,6
0,0 1,6
0,0 1,6
6,2 1,6
6,3 1,6
0,0 1,6
0,0 1,6
0,0 1,6
0,0 1,6
0,0 1,6
0,0 1,6
6,3 1,6
0,0 1,6
0,0 1,6
0,0 1,6
0,0 1,6
0,0 1,6
0,0 1,6
0,0 1,6
0,0 1,6
0,0 1,6
0,0 1,6
0,0 1,6
0,0 1,6
0,0 1,6
0,0 1,6
0,0 1,7
0,0 1,7
0,0 1,7
0,0 1,7
0,0 1,7
0,0 1,7
0,0 1,7
0,0 1,7
0,0 1,7
0,0 1,7
0,0 1,7
6,3 1,7
0,0 1,7
0,0 1,7
0,0 1,7
0,0 1,7
0,0 1,7
0,0 1,7
0,0 1,7
0,0 1,7
0,0 1,7
0,0 1,7
6,4 1,7
0,0 1,7
0,0 1,7
0,0 1,7
0,0 1,7
0,0 1,7
0,0 1,7
6,0 1,7
0,0 1,7
0,0 1,7
0,0 1,7
0,0 1,7
0,0 1,7
