299
275
324
322
321
288
289
291
356
305
386
350
354
314
309
303
399
325
403
347
338
377
384
363
274
244
242
255
241
290
245
269
238
270
245
260
257
252
264
263
261
250
263
267
265
248
273
240
239
240
244
255
269
276
234
261
246
254
234
249
246
270
281
241
241
237
275
257
246
257
246
247
271
255
241
262
240
246
234
237
244
278
254
232
268
257
257
247
262
243
251
248
248
253
245
249
242
246
237
256
244
246
252
235
269
261
249
257
256
233
248
244
250
251
289
239
240
271
250
243
247
258
236
241
252
288
266
254
244
278
253
246
239
251
250
264
277
245
274
263
236
270
249
247
248
265
253
257
238
277
237
247
246
252
241
238
260
236
252
222
265
244
271
244
245
248
269
232
243
243
245
249
235
259
265
234
247
249
234
253
263
260
261
260
282
251
237
259
256
240
249
246
247
256
256
255
253
249
271
274
227
244
248
260
243
246
262
265
247
253
241
263
256
248
251
253
251
264
251
257
257
266
258
245
253
242
244
259
272
261
248
255
258
240
240
264
264
253
245
261
265
253
251
246
237
274
250
269
258
257
268
259
238
238
250
247
264
242
249
254
265
272
259
253
264
240
252
234
251
244
245
238
272
269
231
271
243
241
239
254
237
267
260
248
256
250
265
251
251
237
260
244
249
253
260
234
249
241
246
245
246
262
265
256
240
253
276
238
249
253
260
262
273
262
267
254
267
263
252
259
244
260
241
261
268
241
252
266
253
260
242
239
260
260
246
278
258
246
238
275
241
260
254
249
259
257
242
258
265
258
253
261
252
236
255
234
253
249
243
244
259
233
237
256
255
269
252
245
274
240
261
246
232
286
254
259
264
261
250
255
235
252
279
273
239
245
257
261
262
251
262
268
262
248
243
256
256
266
245
254
251
257
248
275
251
266
244
239
247
246
247
287
267
248
242
260
261
246
244
234
260
256
274
231
250
262
238
235
230
254
282
258
235
247
247
258
246
261
254
230
258
251
239
236
256
258
250
247
245
245
249
240
239
256
270
231
240
234
239
263
239
250
245
246
236
268
249
230
251
257
240
235
235
231
234
231
266
249
251
253
234
245
242
233
253
245
253
254
233
247
252
253
252
263
245
240
248
266
257
244
253
250
244
255
240
237
246
253
256
240
237
254
251
242
253
237
246
274
226
260
237
247
243
223
232
244
247
281
240
239
239
256
238
281
249
245
242
230
273
234
239
240
255
238
243
251
228
248
235
244
252
249
239
238
262
249
262
245
249
244
269
254
246
265
246
250
251
252
226
269
242
255
243
247
240
246
242
246
249
239
234
263
252
262
247
248
250
234
231
246
260
256
236
275
253
244
236
250
250
239
255
256
295
251
299
247
256
238
270
256
249
284
261
228
280
246
280
251
252
278
258
246
245
247
248
257
251
244
251
247
239
250
250
251
241
241
248
235
229
254
252
232
241
237
231
253
239
234
232
254
251
266
263
250
250
248
241
257
238
243
226
247
247
239
251
233
233
252
253
235
242
243
224
278
248
251
254
249
228
259
239
253
257
244
261
241
259
243
233
255
242
235
255
256
245
234
240
235
240
222
244
247
251
249
244
260
252
245
238
237
240
238
253
250
241
246
250
229
257
244
244
253
232
266
231
231
236
248
226
232
244
254
226
233
238
252
241
238
257
235
248
252
247
237
238
242
243
230
246
252
232
252
231
245
258
237
247
248
241
248
245
237
235
253
239
247
233
259
246
240
230
241
256
245
250
246
246
232
244
229
239
253
235
227
232
248
238
256
235
226
237
232
242
236
246
227
243
250
242
249
243
271
235
229
245
241
272
304
265
278
240
240
248
252
251
260
247
239
271
233
241
232
255
241
242
250
256
251
239
255
248
252
238
248
248
218
244
239
237
251
236
243
249
233
253
248
236
249
242
245
252
242
254
235
232
257
241
247
230
245
240
230
246
251
240
237
251
247
237
251
240
247
240
237
234
224
257
245
242
236
229
236
262
241
266
241
296
255
254
262
248
223
236
250
256
253
234
233
259
261
239
249
254
239
266
243
252
259
238
292
252
248
248
279
249
248
242
243
232
256
238
259
252
240
250
240
231
256
247
253
240
233
256
246
262
235
253
247
225
239
250
239
265
252
244
254
253
249
231
257
244
254
247
250
263
245
243
262
246
249
237
257
246
239
250
254
224
251
236
237
248
242
239
242
235
245
236
238
249
241
254
266
250
238
247
237
262
260
238
261
242
230
249
277
268
240
245
242
233
223
244
237
248
258
254
240
240
