106
101
94
97
95
94
108
93
89
92
97
95
88
90
90
87
95
84
98
98
94
88
84
74
84
84
93
93
85
88
92
72
96
98
89
97
89
90
88
94
97
88
92
93
88
90
93
103
103
91
95
89
95
89
105
89
95
91
92
89
92
90
95
90
89
95
95
89
86
95
87
88
91
100
93
89
90
84
88
96
89
86
76
87
91
92
89
86
83
98
108
82
96
108
97
89
95
102
99
85
96
101
90
91
94
95
103
87
106
82
94
98
96
90
90
85
190
121
124
82
84
97
92
88
88
86
93
89
92
100
90
86
98
94
91
96
84
85
83
98
88
89
91
95
96
85
99
92
86
88
96
90
91
89
96
88
89
111
92
84
90
90
94
102
91
99
93
82
83
92
97
95
93
84
91
97
90
90
101
91
94
93
94
101
89
122
83
93
94
91
89
91
92
91
168
84
98
90
91
90
99
168
112
87
89
95
97
98
124
92
99
91
95
89
99
98
82
103
95
90
91
118
114
89
92
100
90
87
102
84
84
90
121
86
92
96
96
94
91
99
92
90
94
94
95
88
89
79
83
89
91
95
84
75
88
93
85
93
88
88
81
89
89
89
105
91
96
89
90
86
94
98
92
91
88
95
74
89
97
92
103
71
84
96
83
98
92
91
93
89
89
90
92
83
95
96
89
89
99
96
84
88
87
89
73
80
90
92
95
89
85
89
94
95
89
98
93
85
89
88
80
86
89
90
89
73
87
93
88
91
93
92
92
100
89
98
91
91
89
74
98
102
102
88
84
88
88
89
99
92
89
87
82
99
89
103
93
94
85
90
86
108
81
88
87
83
88
92
94
102
92
81
87
95
91
95
96
88
95
90
81
88
101
97
102
84
91
96
86
87
93
84
90
92
87
82
94
94
84
87
76
94
103
92
96
89
87
91
102
88
100
90
84
91
84
92
82
88
91
84
87
90
91
77
101
88
89
89
88
92
85
94
89
85
91
89
84
100
100
90
87
88
83
88
108
103
87
101
89
88
87
86
87
89
96
96
96
91
90
99
101
94
88
83
90
93
75
93
91
85
84
79
87
97
90
91
94
88
93
97
78
93
88
87
101
90
106
103
90
89
90
93
84
96
103
94
76
94
87
87
97
92
85
93
73
97
98
103
92
104
87
82
88
91
80
105
92
83
87
93
97
108
89
82
88
90
90
90
89
94
87
88
92
89
95
101
88
76
91
83
94
88
101
83
95
92
84
87
92
93
87
90
96
85
87
85
108
79
86
88
96
105
126
143
93
87
88
90
88
91
84
86
90
91
93
88
96
92
95
92
88
87
84
87
96
90
84
88
86
90
93
97
86
89
88
88
90
97
95
95
85
89
79
88
86
93
97
85
84
95
88
83
96
94
96
92
90
97
92
80
86
95
84
88
89
87
87
96
89
88
89
90
96
89
85
97
96
88
90
104
96
95
88
90
73
86
90
93
96
89
87
91
84
89
79
84
91
95
85
77
91
83
92
81
87
72
91
88
90
83
88
88
89
88
89
84
83
89
100
90
88
100
102
87
88
94
84
84
92
93
91
87
84
90
89
85
96
80
87
82
86
88
91
102
83
89
88
86
88
86
86
87
94
85
91
84
85
95
87
87
88
88
88
101
85
94
112
81
86
95
96
95
88
90
90
94
88
97
95
80
98
87
101
88
85
90
95
94
90
118
113
120
153
119
88
83
91
78
92
77
92
96
93
90
80
85
91
87
100
95
88
84
91
83
74
88
83
83
89
94
83
94
87
89
91
83
91
98
89
88
84
87
87
105
84
96
87
89
79
100
91
89
89
87
88
96
83
96
86
88
87
89
88
87
99
91
72
86
88
87
83
93
101
92
91
89
87
87
102
95
82
96
95
94
93
89
90
83
88
87
84
90
100
95
87
83
92
86
96
100
90
89
83
93
89
98
87
80
89
94
89
90
99
88
84
87
87
89
96
96
85
91
86
100
84
92
97
89
88
87
84
94
94
91
96
88
100
89
98
92
97
89
89
89
74
87
94
97
89
84
91
84
97
88
92
104
95
86
88
91
84
101
97
85
89
86
72
89
94
85
84
96
90
102
86
97
88
89
87
90
99
91
104
94
83
91
98
87
88
92
90
91
83
82
92
87
84
90
87
90
78
87
79
82
81
94
88
90
91
87
87
93
89
98
82
92
88
94
90
92
94
92
90
84
87
97
87
89
87
84
83
89
98
91
72
86
71
103
86
80
83
97
88
89
88
92
103
86
90
84
