165
159
119
202
169
158
107
169
161
172
147
234
171
160
172
108
105
103
124
147
112
161
167
100
100
153
165
150
150
150
113
140
159
173
169
127
168
111
159
157
169
145
117
155
108
153
169
102
109
106
153
107
115
103
161
99
114
159
139
110
108
162
157
106
145
99
159
150
112
107
149
117
105
149
101
155
141
164
112
165
124
101
146
170
108
145
114
167
158
160
149
159
156
103
112
105
154
162
109
100
162
104
144
165
157
101
176
165
107
164
115
148
100
98
150
162
149
148
105
150
149
99
105
110
140
111
105
156
100
157
112
169
167
108
98
117
124
158
116
183
97
100
156
155
153
99
105
161
116
139
101
102
124
157
149
96
161
99
147
164
114
150
151
156
103
153
164
106
169
164
99
150
106
159
144
102
150
146
108
104
161
121
113
108
108
110
98
102
165
103
141
100
113
109
168
104
149
98
106
155
111
153
159
100
105
168
151
108
147
104
130
145
108
150
106
154
98
112
111
160
106
149
100
141
121
112
147
166
154
109
109
127
172
99
165
158
154
106
103
160
104
107
105
103
117
105
154
116
148
157
104
155
148
101
158
157
100
149
148
159
156
152
101
101
157
148
157
155
112
147
109
149
143
162
151
118
149
101
154
106
144
149
146
107
167
151
109
100
172
150
101
109
160
101
165
104
163
155
103
109
152
152
113
147
141
100
109
148
167
153
103
102
109
105
100
161
116
162
155
158
144
174
128
161
102
106
107
100
154
156
157
105
104
113
100
154
148
101
103
103
104
119
114
107
117
102
156
109
102
153
168
103
145
148
113
105
170
107
105
157
157
157
104
101
100
101
109
157
112
106
101
99
165
145
113
156
112
141
166
104
107
154
108
148
104
150
100
149
139
113
164
123
153
149
158
141
152
97
143
109
108
161
101
103
153
156
104
152
107
110
167
156
155
103
100
100
156
143
106
117
155
170
101
107
147
128
105
105
160
153
109
99
149
159
109
147
141
167
111
103
161
113
153
109
106
160
108
100
161
148
148
101
110
107
164
125
159
150
110
101
104
104
117
107
154
108
162
147
143
104
180
104
106
97
110
117
105
104
149
140
153
158
103
157
149
161
153
151
107
102
101
104
160
101
150
124
105
149
105
104
103
164
97
150
112
153
165
159
157
160
107
141
119
102
156
105
173
106
107
107
158
105
99
140
159
101
116
157
169
147
148
155
156
147
105
117
160
101
112
101
166
165
104
105
108
112
150
141
105
151
110
153
167
163
100
104
150
140
160
101
146
156
152
177
159
98
149
108
151
150
98
155
148
104
149
108
161
120
105
148
105
103
154
105
101
158
147
110
103
152
159
156
99
108
151
159
145
108
143
103
109
151
156
152
106
99
146
147
153
107
156
100
102
110
180
153
149
125
164
108
159
115
102
153
99
105
149
160
150
106
104
148
102
106
156
106
105
104
99
108
148
156
165
113
107
147
151
153
143
100
120
146
103
156
156
160
149
155
150
105
155
117
113
146
102
145
100
152
148
154
102
154
125
105
150
146
150
154
168
105
165
103
149
152
139
166
105
104
151
108
144
162
105
106
101
145
133
104
160
106
157
105
97
157
104
153
99
150
99
158
164
161
162
135
169
108
105
154
99
158
101
142
105
109
152
156
101
103
159
113
154
158
149
156
100
149
161
162
153
97
102
148
105
117
107
100
141
102
99
155
162
158
152
103
112
99
119
156
149
99
148
136
148
102
109
109
156
101
100
160
146
154
109
155
143
150
100
108
117
105
169
109
99
149
142
105
105
120
150
151
154
167
149
105
105
153
157
171
158
149
104
106
155
150
101
145
160
149
117
163
99
149
113
148
104
162
108
113
104
150
153
112
143
165
151
101
145
156
99
104
150
154
150
100
99
98
149
107
166
102
117
146
126
99
97
145
158
156
120
154
155
146
157
148
152
105
147
106
158
103
107
98
148
111
161
153
99
138
117
105
104
101
154
107
107
104
106
166
108
149
110
154
153
150
100
103
107
144
113
99
101
98
99
159
105
150
145
152
159
102
104
157
154
99
117
155
153
157
121
108
102
152
172
101
162
100
101
157
102
153
160
143
108
156
99
165
149
155
103
105
104
153
164
154
148
115
103
163
100
154
145
153
108
183
104
107
164
106
147
112
110
100
107
105
160
101
112
156
166
155
173
153
97
105
100
124
107
150
166
153
144
156
115
155
152
105
149
150
168
103
145
101
149
156
166
153
100
151
141
158
158
156
172
106
100
156
149
172
146
105
