0,0 1,2
0,0 1,0
0,0 1,2
0,0 1,0
0,0 1,2
0,0 1,0
0,0 1,2
0,0 1,0
0,0 1,2
0,0 1,0
0,0 1,2
0,0 1,2
0,0 1,2
0,0 1,2
0,0 1,2
0,0 1,2
0,0 1,2
0,0 1,2
29,9 1,3
0,0 1,2
0,0 0,3
84,7 0,8
6,0 1,3
0,0 1,2
69,7 0,8
6,3 1,4
0,0 1,2
53,6 0,7
0,0 1,2
0,0 1,4
25,4 0,7
6,3 1,2
0,0 1,5
6,0 1,5
6,0 0,6
0,0 1,2
111,9 0,8
0,0 1,2
0,0 1,5
112,1 0,9
0,0 1,2
0,0 1,5
6,3 1,6
0,0 1,2
0,0 0,5
12,5 0,6
6,2 1,6
0,0 1,2
24,7 0,7
12,3 1,7
0,0 1,2
18,8 0,7
6,3 1,7
0,0 1,2
24,1 0,7
0,0 1,2
0,0 1,7
25,4 0,7
6,4 1,7
0,0 1,2
25,2 0,7
6,3 1,7
0,0 1,2
80,3 0,7
0,0 1,2
0,0 1,7
55,4 0,8
0,0 1,2
0,0 1,7
69,4 0,8
0,0 1,2
0,0 1,7
95,1 0,9
6,3 1,7
0,0 1,2
108,9 0,8
0,0 1,2
0,0 1,7
96,0 0,8
6,0 1,7
0,0 1,2
77,4 0,8
6,0 1,7
0,0 1,2
89,7 0,7
0,0 1,2
0,0 1,7
82,9 0,8
0,0 1,2
0,0 1,7
76,7 0,8
0,0 1,2
0,0 1,7
81,4 0,8
0,0 1,2
0,0 1,7
63,9 0,7
0,0 1,2
0,0 1,7
38,4 0,7
0,0 1,2
0,0 1,7
44,9 0,7
0,0 1,2
0,0 1,7
44,8 0,7
6,4 1,7
0,0 1,2
18,9 0,7
0,0 1,2
0,0 1,7
25,3 0,7
6,3 1,8
0,0 1,2
25,3 0,7
0,0 1,2
0,0 1,8
25,3 0,6
0,0 1,2
0,0 1,8
18,7 0,7
0,0 1,2
0,0 1,8
6,3 0,6
0,0 1,2
0,0 1,7
0,0 1,2
0,0 1,7
0,0 0,6
101,9 0,8
0,0 1,2
0,0 1,8
94,3 0,9
0,0 1,2
0,0 1,8
112,4 0,9
0,0 1,2
0,0 1,8
110,3 0,8
0,0 1,2
0,0 1,8
83,3 0,8
6,4 1,8
0,0 1,2
63,2 0,7
6,3 1,8
0,0 1,2
38,3 0,8
0,0 1,2
0,0 1,8
25,4 0,7
0,0 1,2
0,0 1,8
19,1 0,7
0,0 1,2
0,0 1,8
0,0 1,2
0,0 1,8
0,0 0,7
0,0 1,2
0,0 1,8
101,8 0,8
0,0 1,2
0,0 1,8
102,0 0,8
0,0 1,2
0,0 1,8
108,2 0,8
0,0 1,2
0,0 1,8
76,3 0,8
0,0 1,2
0,0 1,8
80,9 2,5
28,9 0,7
0,0 1,2
50,5 0,8
0,0 1,2
0,0 2,5
49,9 0,8
0,0 1,2
0,0 2,5
44,2 0,7
6,3 2,5
0,0 1,2
32,0 0,7
6,4 2,4
0,0 1,2
38,2 0,7
0,0 1,2
0,0 2,4
51,2 0,7
0,0 1,2
0,0 2,4
50,9 0,8
0,0 1,2
0,0 2,4
44,8 0,8
0,0 1,2
0,0 2,4
61,7 0,7
0,0 1,2
0,0 2,4
44,7 0,7
0,0 1,2
0,0 2,4
18,9 0,7
0,0 1,2
0,0 2,4
43,2 0,8
0,0 1,2
0,0 2,3
48,9 0,8
0,0 1,2
0,0 2,3
63,8 0,8
0,0 1,2
0,0 2,3
75,2 0,8
0,0 1,2
0,0 2,3
76,4 0,8
0,0 1,2
0,0 2,3
44,8 0,7
0,0 1,2
0,0 2,3
51,2 0,8
0,0 1,2
0,0 2,3
38,5 0,7
0,0 1,2
0,0 2,3
38,4 0,7
0,0 1,2
0,0 2,3
49,4 0,7
6,2 2,3
0,0 1,2
44,7 0,8
0,0 1,2
0,0 2,4
43,9 0,8
0,0 1,2
0,0 2,4
44,9 0,8
0,0 1,2
0,0 2,4
38,4 0,8
6,4 2,4
0,0 1,2
32,0 0,7
0,0 1,2
0,0 2,3
98,0 2,6
61,3 0,8
0,0 1,2
64,1 0,8
0,0 1,2
0,0 2,6
69,5 0,8
0,0 1,2
0,0 2,6
63,4 0,8
0,0 1,2
0,0 2,4
83,1 0,8
6,4 2,4
0,0 1,2
80,4 0,8
0,0 1,2
0,0 2,4
74,8 0,8
0,0 1,2
0,0 2,4
76,5 0,7
0,0 1,2
0,0 2,4
75,6 0,8
0,0 1,2
0,0 2,4
70,4 0,8
0,0 1,2
0,0 2,4
94,2 0,8
0,0 1,2
0,0 2,4
88,8 0,8
0,0 1,2
0,0 2,4
75,6 0,8
0,0 1,2
0,0 2,4
70,1 0,8
6,4 2,4
0,0 1,2
70,3 0,8
0,0 1,2
0,0 2,4
55,3 0,7
0,0 1,2
0,0 2,4
38,4 0,7
0,0 1,2
0,0 2,4
31,5 0,7
0,0 1,2
0,0 2,4
19,2 0,7
0,0 1,2
0,0 2,4
19,2 0,7
0,0 1,2
0,0 2,4
6,3 0,6
0,0 1,2
0,0 2,4
12,4 0,7
0,0 1,2
0,0 2,4
108,6 0,9
0,0 1,2
0,0 2,4
97,4 0,8
0,0 1,2
0,0 2,4
6,4 0,6
0,0 1,2
0,0 2,4
6,2 2,4
0,0 1,2
111,3 0,9
6,2 2,4
0,0 1,2
106,1 0,9
0,0 1,2
0,0 2,4
12,9 0,6
0,0 1,2
0,0 2,4
47,2 0,7
0,0 1,2
0,0 2,4
30,7 0,7
0,0 1,2
0,0 2,4
31,6 0,7
6,3 2,4
0,0 1,2
38,2 0,7
0,0 1,2
0,0 2,4
48,3 0,8
6,0 2,4
0,0 1,2
76,5 0,8
0,0 1,2
0,0 2,4
44,6 0,8
6,4 2,4
0,0 1,2
57,3 0,8
0,0 1,2
0,0 2,4
50,9 0,8
0,0 1,2
0,0 2,4
25,6 0,7
0,0 1,2
0,0 2,4
25,6 0,8
0,0 1,2
0,0 2,4
48,5 0,8
0,0 1,2
0,0 2,4
44,9 0,8
0,0 1,2
0,0 2,4
50,6 0,8
0,0 1,2
0,0 2,4
31,6 0,7
0,0 1,2
0,0 2,4
19,2 0,7
6,4 2,4
0,0 1,2
12,8 0,6
6,4 2,4
0,0 1,2
114,7 0,9
0,0 1,2
0,0 2,4
69,9 0,8
6,4 2,4
0,0 1,2
63,9 0,8
0,0 1,2
0,0 2,4
51,4 0,8
0,0 1,2
0,0 2,4
42,3 0,8
0,0 1,2
0,0 2,4
5,9 0,6
0,0 1,2
0,0 2,4
92,9 0,8
6,2 2,4
0,0 1,2
77,5 0,8
0,0 1,2
0,0 2,4
18,7 0,6
0,0 1,2
0,0 2,4
12,6 0,7
0,0 1,2
0,0 2,4
99,1 0,8
0,0 1,2
0,0 2,4
86,8 0,8
0,0 1,2
0,0 2,4
74,7 0,8
0,0 1,2
0,0 2,4
63,7 0,8
0,0 1,2
0,0 2,4
37,1 0,7
0,0 1,2
0,0 2,4
31,7 0,7
12,7 2,4
0,0 1,2
24,2 0,7
0,0 1,2
0,0 2,4
31,9 0,6
0,0 1,2
0,0 2,4
18,9 0,7
0,0 1,2
0,0 2,4
0,0 1,2
0,0 2,4
0,0 1,2
0,0 2,4
0,0 1,2
0,0 2,4
0,0 1,2
0,0 2,4
0,0 1,2
0,0 2,4
0,0 1,2
0,0 2,4
0,0 1,2
0,0 2,4
0,0 1,2
0,0 2,4
0,0 1,2
0,0 2,4
0,0 1,2
0,0 2,4
0,0 1,2
0,0 2,4
0,0 1,2
0,0 2,4
0,0 1,2
0,0 2,4
0,0 1,2
0,0 2,4
0,0 1,2
0,0 2,4
0,0 1,2
0,0 2,4
0,0 1,2
0,0 2,4
0,0 1,2
0,0 2,4
0,0 1,2
0,0 2,4
0,0 1,2
0,0 2,4
0,0 1,2
0,0 2,4
0,0 1,2
0,0 2,4
0,0 1,2
0,0 2,4
0,0 1,2
0,0 2,4
0,0 1,2
0,0 2,4
0,0 1,2
0,0 2,4
0,0 1,2
0,0 2,4
0,0 1,2
0,0 2,4
0,0 1,2
0,0 2,4
0,0 1,2
0,0 2,4
0,0 1,2
0,0 2,4
0,0 1,2
0,0 2,4
0,0 1,2
0,0 2,4
0,0 1,2
0,0 2,4
0,0 1,2
0,0 2,4
0,0 1,2
0,0 2,4
0,0 1,2
0,0 2,4
0,0 1,2
0,0 2,4
0,0 1,2
0,0 2,4
0,0 1,2
0,0 2,4
0,0 1,2
0,0 2,4
0,0 1,2
0,0 2,4
0,0 1,2
0,0 2,4
0,0 1,2
0,0 2,4
0,0 1,2
0,0 2,4
0,0 1,2
0,0 2,4
0,0 1,2
0,0 2,4
0,0 1,2
0,0 2,4
0,0 1,2
0,0 2,4
0,0 1,2
0,0 2,4
0,0 1,2
0,0 2,4
0,0 1,2
0,0 2,4
0,0 1,2
0,0 2,4
0,0 1,2
0,0 2,4
0,0 1,2
0,0 2,4
0,0 1,2
0,0 2,4
6,4 2,4
0,0 1,2
0,0 1,2
0,0 2,4
0,0 1,2
0,0 2,4
0,0 1,2
0,0 2,4
0,0 1,2
0,0 2,4
0,0 1,2
0,0 2,4
0,0 1,2
0,0 2,4
0,0 1,2
0,0 2,4
0,0 1,2
0,0 2,4
0,0 1,2
0,0 2,4
0,0 1,2
0,0 2,4
0,0 1,2
0,0 2,4
0,0 1,2
0,0 2,4
0,0 1,2
0,0 2,4
0,0 1,2
0,0 2,4
0,0 1,2
0,0 2,4
0,0 1,2
0,0 2,4
0,0 1,2
0,0 2,4
0,0 1,2
0,0 2,4
0,0 1,2
0,0 2,4
0,0 1,2
0,0 2,4
0,0 1,2
0,0 2,4
0,0 1,2
0,0 2,4
0,0 1,2
0,0 2,4
0,0 1,2
0,0 2,4
0,0 1,2
0,0 2,4
0,0 1,2
0,0 2,4
0,0 1,2
0,0 2,4
0,0 1,2
0,0 2,4
0,0 1,2
0,0 2,4
0,0 1,2
0,0 2,4
0,0 1,2
0,0 2,4
0,0 1,2
0,0 2,4
0,0 1,2
0,0 2,4
0,0 1,2
0,0 2,4
0,0 1,2
0,0 2,4
0,0 1,2
0,0 2,4
0,0 1,2
0,0 2,4
0,0 1,2
0,0 2,4
0,0 1,2
0,0 2,4
0,0 1,2
0,0 2,4
