0,0 1,4
0,0 1,4
0,0 1,4
0,0 1,4
0,0 1,4
0,0 1,4
0,0 1,4
0,0 1,4
0,0 1,4
0,0 1,4
0,0 1,4
0,0 1,4
0,0 1,4
0,0 1,4
6,2 1,4
0,0 1,4
0,0 1,4
5,9 1,4
0,0 1,4
0,0 1,4
0,0 1,4
0,0 1,4
0,0 1,4
0,0 1,4
0,0 1,4
6,2 1,4
0,0 1,4
6,3 1,4
0,0 1,4
0,0 1,4
0,0 1,4
0,0 1,4
0,0 1,4
5,8 1,4
0,0 1,4
0,0 1,4
0,0 1,4
0,0 1,4
0,0 1,4
0,0 1,4
6,0 1,4
0,0 1,4
6,3 1,4
0,0 1,4
6,2 1,4
0,0 1,4
0,0 1,5
0,0 1,5
0,0 1,5
0,0 1,5
0,0 1,5
0,0 1,5
5,8 1,5
0,0 1,5
6,0 1,5
0,0 1,5
6,4 1,5
0,0 1,5
6,3 1,5
0,0 1,5
0,0 1,5
6,0 1,5
0,0 1,5
0,0 1,5
6,3 1,6
0,0 1,6
0,0 1,6
0,0 1,6
0,0 1,6
0,0 1,6
0,0 1,6
0,0 1,6
0,0 1,6
0,0 1,6
6,4 1,6
6,3 1,6
0,0 1,6
0,0 1,6
0,0 1,6
0,0 1,6
0,0 1,6
0,0 1,6
0,0 1,6
0,0 1,6
0,0 1,6
0,0 1,6
0,0 1,6
0,0 1,6
0,0 1,6
0,0 1,6
0,0 1,6
0,0 1,6
0,0 1,6
6,4 1,6
0,0 1,6
0,0 1,6
0,0 1,6
0,0 1,6
0,0 1,6
0,0 1,6
0,0 1,6
6,4 1,6
0,0 1,6
0,0 1,6
0,0 1,6
0,0 1,6
0,0 1,6
0,0 1,6
0,0 1,6
0,0 1,6
0,0 1,6
0,0 1,6
0,0 1,6
0,0 1,6
6,3 1,6
0,0 1,6
0,0 1,6
0,0 1,6
0,0 1,6
6,3 1,6
0,0 1,6
0,0 1,6
0,0 1,6
0,0 1,6
6,4 1,6
0,0 1,6
0,0 1,6
0,0 1,6
0,0 1,6
0,0 1,6
0,0 1,6
0,0 1,6
0,0 1,6
0,0 1,6
0,0 1,6
0,0 1,6
0,0 1,6
6,4 1,7
0,0 1,6
108,7 2,1
0,0 2,4
0,0 2,4
91,7 2,3
0,0 2,3
0,0 2,3
0,0 2,3
0,0 2,0
0,0 2,0
0,0 2,0
6,3 2,0
0,0 2,0
0,0 2,1
6,1 2,1
0,0 2,1
0,0 2,1
0,0 2,1
0,0 2,1
0,0 2,1
0,0 2,1
0,0 2,1
0,0 2,1
0,0 2,1
0,0 2,1
0,0 2,1
0,0 2,1
0,0 2,1
0,0 2,1
0,0 2,1
0,0 2,1
0,0 2,1
0,0 2,1
0,0 2,1
0,0 2,1
0,0 2,1
0,0 2,1
0,0 2,1
0,0 2,1
0,0 2,1
0,0 2,1
0,0 2,1
0,0 2,1
0,0 2,1
0,0 2,1
0,0 2,1
0,0 2,1
0,0 2,1
0,0 2,1
0,0 2,1
0,0 2,1
0,0 2,1
0,0 2,1
0,0 2,1
0,0 2,1
0,0 2,1
0,0 2,1
0,0 2,1
0,0 2,1
0,0 2,1
0,0 2,1
0,0 2,1
0,0 2,1
0,0 2,1
0,0 2,1
0,0 2,1
0,0 2,1
0,0 2,1
0,0 2,1
0,0 2,1
0,0 2,1
0,0 2,1
0,0 2,1
0,0 2,1
0,0 2,1
0,0 2,1
0,0 2,1
0,0 2,1
0,0 2,1
0,0 2,1
0,0 2,1
0,0 2,1
0,0 2,1
0,0 2,1
0,0 2,1
0,0 2,1
0,0 2,1
0,0 2,1
0,0 2,1
0,0 2,1
0,0 2,1
0,0 2,1
0,0 2,1
0,0 2,1
0,0 2,1
0,0 2,1
0,0 2,1
0,0 2,1
0,0 2,1
0,0 2,1
0,0 2,1
0,0 2,1
0,0 2,1
0,0 2,1
0,0 2,1
0,0 2,1
0,0 2,1
0,0 2,1
0,0 2,1
0,0 2,1
0,0 2,1
0,0 2,1
