3030320
3029520
3029000
3029124
3029372
3037888
3037100
3037300
3037348
3042636
3055852
3057716
3054100
3057164
3054004
3061000
3063036
3056608
3058336
3064000
3064264
3065972
3067352
3066484
3066316
3068180
3068388
3071936
3069344
3069420
3069052
3066092
3068236
3066964
3067444
3067784
3066284
3061924
3064264
3073464
3075064
3075428
3072512
3072572
3073792
3072560
3071112
3070672
3071068
3070108
3067756
3073620
3074724
3076312
3074100
3074316
3074652
3073620
3074352
3073196
3073452
3098824
3098072
3098328
3097064
3097140
3096088
3096972
3094788
3097520
3097192
3095072
3091164
3097208
3096488
3099104
3099260
3098904
3098780
3099980
3097792
3097028
3097592
3099216
3099340
3100220
3101400
3096076
3109112
3112412
3110372
3102624
3104372
3103444
3102832
3100172
3100980
3101664
3102176
3101928
3101496
3101776
3103500
3101204
3097464
3099832
3102524
3100028
3098836
3101372
3108424
3104840
3100364
3093184
3108364
3108612
3099172
3104652
3102664
3102232
3104776
3103864
3103596
3103200
3104484
3103624
3101868
3103256
3103944
3103308
3103900
3101960
3105624
3103732
3111588
3108872
3107588
3109368
3108872
3129108
3137568
3138128
3128532
3129424
3133172
3132984
3123664
3122112
3121516
3120572
3120212
3121580
3123060
3111428
3112128
3113384
3111304
3112024
3112060
3112548
3112148
3111848
3111776
3112284
3112152
3111344
3111528
3111620
3111992
3111328
3112004
3112176
3112500
3112136
3111924
3111836
3112016
3112624
3111420
3111912
3113100
3113380
3113572
3112684
3113008
3113500
3114196
3113332
3112884
3113132
3113380
3113596
3113468
3113168
3113924
3113900
3112676
3111772
3112744
3112776
3112032
3112140
3112700
3112516
3112172
3112360
3111680
3112328
3112652
3112384
3111880
3112080
3112160
3112292
3111380
3111688
3112144
3112760
3112008
3112380
3112348
3112628
3112692
3112256
3112504
3112752
3113092
3112008
3112504
3112860
3113000
3113248
3112384
3112612
3113416
3113144
3112560
3112456
3112880
3113036
3113188
3112552
3112940
3113048
3113140
3112428
3112652
3112884
3113108
3113232
