90,8 1,1
125,7 0,9
84,7 0,9
83,3 1,0
77,2 0,8
61,2 0,8
38,4 0,8
76,9 0,8
67,1 0,8
88,6 1,0
119,0 1,0
132,1 0,9
120,6 0,9
122,2 1,0
93,8 1,0
109,4 1,0
45,1 0,8
148,2 1,0
0,0 0,3
95,6 1,0
0,0 0,6
12,8 0,6
138,6 1,0
5,8 0,6
12,8 0,6
109,5 1,0
132,8 1,0
126,1 0,9
103,0 1,1
67,9 0,9
122,7 0,9
126,1 0,9
176,8 1,1
167,3 1,0
128,0 1,0
0,0 0,5
89,9 0,8
102,0 0,8
124,7 0,9
141,1 1,0
103,1 1,0
121,3 0,9
114,7 0,9
165,2 1,0
39,7 0,7
122,3 0,9
128,2 1,0
173,8 1,0
124,7 1,0
108,8 1,0
29,0 0,7
89,4 0,9
120,0 1,0
99,2 1,0
0,0 0,5
42,9 0,7
6,1 0,7
53,7 0,7
178,8 1,1
115,1 1,0
0,0 0,4
0,0 0,5
125,2 1,1
35,1 0,7
34,6 0,7
25,8 0,7
112,8 1,0
12,9 0,7
116,0 1,1
113,8 1,1
98,3 0,0
106,1 0,0
0,0 0,5
6,5 0,6
55,5 0,7
154,0 1,0
114,9 1,1
135,7 1,0
173,8 1,0
0,0 0,6
73,4 0,8
119,8 0,9
161,0 1,0
19,3 0,7
32,1 0,7
77,7 0,9
136,9 1,0
167,3 1,0
60,0 0,8
126,1 1,0
157,6 1,0
154,5 1,0
152,5 1,0
102,6 1,0
0,0 0,4
132,6 1,0
69,4 0,8
131,0 1,0
102,9 0,9
96,3 0,9
134,9 1,0
146,2 0,9
132,9 1,0
6,4 0,6
57,2 0,8
41,6 0,7
108,3 0,9
107,8 0,9
127,4 0,9
125,4 1,0
166,9 1,1
59,7 0,8
114,3 0,9
48,5 0,7
108,1 1,0
134,0 1,0
130,5 1,0
134,4 0,9
6,1 0,6
34,1 0,8
108,3 0,9
147,4 1,0
128,6 0,9
162,0 1,0
125,0 1,0
6,3 0,6
25,7 0,7
47,3 0,8
18,7 0,7
61,2 0,8
120,6 0,9
163,6 1,0
122,5 1,0
128,5 1,0
0,0 0,6
95,4 0,0
167,4 1,1
125,5 1,0
6,2 0,6
50,9 0,7
138,0 1,0
102,5 1,0
106,7 1,0
0,0 0,5
6,4 0,6
12,9 0,7
12,6 0,7
0,0 0,6
61,7 0,8
54,5 0,8
112,2 0,9
145,2 0,9
135,3 0,9
177,0 1,0
80,1 0,7
91,7 0,9
101,8 1,0
176,7 1,1
126,9 1,0
135,2 0,9
167,4 1,0
135,6 1,0
160,9 1,1
121,6 1,0
125,6 1,1
115,6 1,0
103,3 1,1
147,5 1,0
44,0 0,7
85,9 0,9
138,0 1,0
128,3 1,0
137,4 0,9
148,3 1,0
122,1 1,0
113,8 1,0
6,4 0,6
114,7 1,0
132,8 1,1
83,6 1,0
90,3 0,8
108,0 0,9
79,1 0,9
122,5 0,9
146,1 0,9
128,7 1,0
100,0 1,1
123,8 1,1
40,6 0,7
141,4 0,9
173,5 1,1
141,5 0,9
127,0 0,9
96,5 0,9
125,6 0,9
124,7 0,9
128,7 0,9
138,0 1,0
114,0 1,0
125,7 1,0
6,5 0,6
108,9 0,9
164,9 1,0
12,9 0,6
164,4 1,1
125,4 0,9
122,3 0,9
160,1 1,0
102,4 1,1
34,2 0,8
96,7 0,9
126,2 1,0
119,3 1,1
5,9 0,6
96,3 0,9
173,2 1,1
134,2 1,0
0,0 0,5
25,0 0,7
107,3 0,9
74,6 0,8
121,9 0,9
118,9 0,9
116,1 1,0
123,3 0,9
148,3 1,0
128,7 1,0
115,8 1,0
0,0 0,6
77,2 0,8
178,0 1,1
133,6 1,0
140,2 1,1
103,1 1,1
164,6 1,0
88,4 1,1
101,1 1,0
98,8 1,0
128,3 1,0
114,1 1,1
