1677232
1675684
1702556
1694552
1689356
1696180
1690164
1689900
1702172
1677624
1699628
1695952
1673676
1667580
1671152
1676192
1675248
1675200
1679036
1679328
1665924
1674272
1670888
1674116
1673980
1664252
1668768
1674148
1676168
1669988
1668932
1674828
1675508
1678412
1680816
1681380
1672788
1673268
1676496
1679040
1668076
1669144
1675536
1676776
1674836
1679644
1675876
1679856
1671856
1677656
1679800
1682040
1679816
1681512
1671576
1675948
1679496
1680084
1666292
1671996
1669560
1671112
1681900
1681604
1665288
1662168
1682888
1670676
1666348
1664232
1681904
1668268
1682432
1684636
1682152
1681936
1660968
1666336
1669528
1679528
1683068
1679536
1682236
1665928
1674448
1676372
1682364
1668992
1669952
1676248
1679468
1681888
1671260
1677516
1679284
1681836
1682272
1682304
1663612
1681448
1671476
1677928
1672840
1673120
1679512
1675960
1677508
1682040
1666492
1682816
1670480
1670356
1676608
1677756
1681488
1674700
1676224
1670916
1679832
1680952
1682160
1677392
1668404
1670312
1676840
1679200
1677244
1679820
1679884
1666172
1669316
1672756
1673336
1672592
1675312
1681088
1681988
1679752
1668212
1659840
1682532
1681444
1669488
1671580
1679368
1680020
1681260
1659792
1666032
1669332
1669332
1666288
1672452
1672824
1677664
1678128
1677304
1682136
1671836
1671588
1677232
1683100
1679956
1679220
1667880
1659960
1668440
1668564
1684264
1681576
1683936
1682008
1670972
1677672
1681772
1682672
1678388
1681740
1663604
1666428
1671004
1667716
1660452
1668592
1676580
1678644
1675596
1677560
1677872
1681532
1684728
1682932
1670832
1678340
1683840
1675212
1675684
1676496
1675752
1674696
1675860
1677956
1680688
1679476
1680656
1664972
1675320
1680380
1664636
1680580
1676292
1677468
1679844
1661136
1669828
1675224
1678224
1680400
1658044
1674500
1680368
1678544
1667000
1667528
1675904
1670476
1675720
1676092
1674700
1675224
1676220
1677740
1679168
1666588
1674760
1682332
1678736
1680968
1682924
1681608
1681096
1680340
1683056
1658220
1677988
1682104
1656368
1656356
1656488
1656380
