1650648
1650616
1650708
1650600
1681344
1687276
1675476
1683616
1686148
1683744
1684116
1681792
1682428
1689052
1688276
1685580
1690636
1689024
1686824
1673752
1683924
1685400
1691824
1687228
1687104
1685852
1686364
1682704
1691148
1683576
1689756
1687644
1680508
1687580
1683664
1685288
1685776
1687344
1685584
1684132
1685080
1683604
1680056
1683544
1687052
1687052
1688976
1683920
1685920
1674736
1674184
1688952
1684984
1682680
1682960
1688952
1685912
1682420
1686068
1687296
1683400
1683536
1682700
1685632
1674568
1686212
1683012
1687696
1679412
1688880
1686676
1680484
1684108
1687128
1680700
1680792
1685076
1684240
1687912
1684280
1687180
1682672
1684028
1686128
1687000
1688736
1683684
1687104
1688972
1686116
1685372
1685868
1686476
1687332
1688704
1685784
1685848
1691740
1691492
1691112
1688084
1683136
1686488
1689124
1686704
1689700
1690940
1675396
1675352
1675228
1675520
1675816
1675728
1675256
1677648
1677824
1677772
1677700
1677684
1677616
1677692
1677700
1677884
1685768
1686276
1686196
1686292
1686244
1686368
1686268
1686268
1686220
1686268
1686292
1686268
1686268
1686376
1686304
1686252
1686236
1686360
1686252
1686268
1686320
1686292
1686368
1686384
1686284
1686324
1686276
1686324
1686264
1686224
1686448
1686348
1686276
1686348
1686216
1686292
1686316
1686292
1686244
1686292
1686300
1686292
1686292
1686300
1686244
1686292
1686316
1686316
1686308
1686416
1686244
1686324
1686292
1686292
1686292
1686316
1686244
1686324
1686316
1686416
1686292
1686292
1686244
1686416
1686340
1686292
1686316
1686316
1686244
1686416
1686416
1686400
1686316
1686316
1686244
1686400
1686340
