0,0 0,7
0,0 0,7
0,0 0,7
0,0 0,7
18,5 0,7
12,4 1,3
75,1 0,8
37,6 1,4
15,3 0,6
5,1 1,4
49,2 0,7
6,1 1,4
68,2 0,8
12,4 1,4
44,6 0,8
6,4 1,4
62,8 0,8
0,0 1,4
31,8 0,7
6,4 1,4
38,6 0,7
0,0 1,4
25,0 0,6
0,0 1,4
19,2 0,7
6,4 1,4
19,0 0,7
12,7 1,4
25,2 0,7
6,3 1,4
12,8 0,7
6,4 1,4
6,3 0,6
0,0 1,4
25,4 0,7
12,7 1,4
57,4 0,8
6,4 1,4
12,7 1,4
25,8 1,4
6,4 0,6
32,1 0,7
6,4 1,4
57,8 0,8
0,0 1,4
69,8 0,8
0,0 1,4
50,3 0,7
6,3 1,4
44,6 0,7
0,0 1,4
19,0 0,7
6,3 1,4
76,7 0,9
12,8 1,4
31,5 0,7
6,3 1,4
82,6 0,8
6,4 1,4
57,7 0,7
0,0 1,4
18,7 0,7
0,0 1,4
64,3 0,8
6,4 1,4
69,8 0,8
6,3 1,4
18,8 0,7
6,3 1,4
6,4 0,6
0,0 1,4
63,1 0,8
0,0 1,4
6,2 1,4
0,0 0,6
12,6 0,6
6,3 1,4
69,6 0,9
12,7 1,4
38,6 0,7
6,4 1,4
69,1 0,8
12,6 1,4
12,6 0,6
0,0 1,4
12,9 0,6
0,0 1,4
6,4 0,6
0,0 1,4
81,7 0,8
6,3 1,4
82,4 0,9
6,3 1,4
32,1 0,7
6,4 1,4
25,7 0,7
6,4 1,4
25,4 0,7
0,0 1,3
70,9 0,8
6,4 1,3
70,2 0,8
6,4 1,3
68,3 0,8
6,2 1,3
25,4 0,8
6,3 1,3
12,9 1,4
0,0 0,4
50,8 0,8
6,4 1,4
25,4 0,7
0,0 1,4
6,3 0,6
0,0 1,4
51,1 0,8
6,4 1,4
63,7 0,7
6,4 1,4
68,7 0,8
6,2 1,4
6,3 1,3
6,3 0,6
51,4 0,8
6,4 1,3
12,9 0,6
6,4 1,3
76,9 0,8
6,4 1,3
44,4 0,8
6,3 1,3
62,6 0,7
6,3 1,3
50,7 0,8
0,0 1,3
6,3 1,4
57,5 0,8
6,4 1,4
0,0 1,4
0,0 0,5
6,3 1,4
0,0 0,4
50,5 0,8
0,0 1,4
50,8 0,8
6,4 1,4
82,9 0,9
6,4 1,4
6,4 1,4
6,4 0,6
19,1 0,7
6,4 1,4
77,2 0,8
6,4 1,4
25,7 0,7
6,4 1,4
44,9 0,8
6,4 1,4
67,3 0,9
6,1 1,4
88,7 0,8
0,0 1,4
69,8 0,8
0,0 1,4
76,5 0,9
0,0 1,4
44,5 0,8
0,0 1,4
51,2 0,8
6,4 1,4
69,1 0,8
6,3 1,4
25,7 0,7
6,4 1,4
25,5 0,7
0,0 1,4
57,2 0,8
6,4 1,4
51,5 0,8
0,0 1,4
50,9 0,7
0,0 1,4
50,9 0,8
6,4 1,4
25,0 0,7
6,2 1,4
32,2 0,7
6,4 1,4
83,8 0,0
12,9 1,4
83,1 0,9
12,8 1,4
64,3 0,8
12,9 1,4
56,7 0,7
12,6 1,4
5,8 0,6
0,0 1,4
25,7 0,7
0,0 1,4
38,2 0,8
0,0 1,4
57,9 0,7
0,0 1,4
83,5 0,9
